log(age/yr) M_ini
7.050000 0.150000
7.050000 0.200000
7.050000 0.250000
7.050000 0.300000
7.050000 0.350000
7.050000 0.400000
7.050000 0.450000
7.050000 0.500000
7.050000 0.550000
7.050000 0.600000
7.050000 0.700000
7.050000 0.800000
7.050000 0.900000
7.050000 1.000000
7.050000 1.100000
7.050000 1.200000
7.050000 1.300000
7.050000 1.400000
7.050000 1.500000
7.050000 1.600000
7.050000 1.700000
7.050000 1.800000
7.050000 1.900000
7.050000 1.950000
7.050000 2.000000
7.050000 2.200000
7.050000 2.361233
7.050000 2.500000
7.050000 3.000000
7.050000 3.500000
7.050000 4.000000
7.050000 4.500000
7.050000 5.000000
7.050000 5.956840
7.050000 6.000000
7.050000 7.000000
7.050000 7.866521
7.050000 9.000000
7.050000 10.202549
7.050000 12.000000
7.050000 13.435359
7.050000 14.565643
7.050000 15.000000
7.050000 15.447459
7.050000 15.890253
7.050000 16.148462
7.050000 16.205492
7.050000 16.269737
7.050000 16.277813
7.050000 16.279253
7.050000 16.281837
7.050000 16.282928
7.050000 16.283625
7.050000 16.284292
7.050000 16.284958
7.050000 16.285530
7.050000 16.286196
7.050000 16.286768
7.050000 16.287243
7.050000 16.287434
7.050000 16.287910
7.050000 16.288290
7.050000 16.288671
7.050000 16.289148
7.050000 16.289528
7.050000 16.289814
7.050000 16.290195
7.050000 16.290480
7.050000 16.290861
7.050000 16.291147
7.050000 16.291338
7.050000 16.291622
7.050000 16.291813
7.050000 16.292004
7.050000 16.292290
7.050000 16.292479
7.050000 16.292669
7.050000 16.292955
7.050000 16.293146
7.050000 16.293430
7.050000 16.293621
7.050000 16.293812
7.050000 16.294003
7.050000 16.294098
7.050000 16.294193
7.050000 16.294287
7.050000 16.294382
7.050000 16.294477
7.050000 16.294668
7.050000 16.294764
7.050000 16.294859
7.050000 16.295050
7.050000 16.295334
7.050000 16.295525
7.050000 16.295715
7.050000 16.295811
7.050000 16.295906
7.050000 16.296001
7.050000 16.296095
7.050000 16.298664
7.050000 16.306179
7.050000 16.328922
7.050000 16.350599
7.050000 16.378738
7.050000 16.465622
7.050000 16.498549
7.050000 16.586580
7.050000 16.610460
7.050000 16.618055
7.050000 16.620556
7.050000 16.623056
7.050000 16.625555
7.050000 16.626848
7.050000 16.629261
7.050000 16.631758
7.050000 16.634167
7.050000 16.639071
7.050000 16.646204
7.050000 16.677038
7.050000 16.698151
7.050000 16.718878
7.050000 16.739212
7.050000 16.757687
7.050000 16.773947
7.050000 16.787413
7.050000 16.800560
7.050000 16.811005
7.050000 16.821011
7.050000 16.828636
7.050000 16.834787
7.050000 16.840830
7.050000 16.844027
7.050000 16.848705
7.050000 16.851219
7.050000 16.854189
7.050000 16.856474
7.050000 16.860363
7.050000 16.871464
7.050000 17.096737
7.050000 17.115276
7.050000 17.122610
7.050000 17.125999
7.050000 17.130121
7.050000 17.136074
