log(age/yr) M_ini
6.650000 0.150000
6.650000 0.200000
6.650000 0.250000
6.650000 0.300000
6.650000 0.350000
6.650000 0.400000
6.650000 0.450000
6.650000 0.500000
6.650000 0.550000
6.650000 0.600000
6.650000 0.700000
6.650000 0.800000
6.650000 0.900000
6.650000 1.000000
6.650000 1.100000
6.650000 1.200000
6.650000 1.300000
6.650000 1.400000
6.650000 1.500000
6.650000 1.600000
6.650000 1.700000
6.650000 1.800000
6.650000 1.900000
6.650000 1.950000
6.650000 2.000000
6.650000 2.200000
6.650000 2.500000
6.650000 3.000000
6.650000 3.486430
6.650000 3.500000
6.650000 3.514257
6.650000 4.000000
6.650000 4.500000
6.650000 5.000000
6.650000 6.000000
6.650000 7.000000
6.650000 9.000000
6.650000 12.000000
6.650000 12.161085
6.650000 15.000000
6.650000 17.979698
6.650000 20.000000
6.650000 23.001139
6.650000 28.010721
6.650000 30.000000
6.650000 31.790878
6.650000 36.172791
6.650000 38.118088
6.650000 39.565056
6.650000 39.601460
6.650000 40.000000
6.650000 40.821579
6.650000 41.452747
6.650000 41.548389
6.650000 41.571079
6.650000 41.580402
6.650000 41.591709
6.650000 41.595699
6.650000 41.599030
6.650000 41.600529
6.650000 41.602192
6.650000 41.603855
6.650000 41.605522
6.650000 41.607185
6.650000 41.608852
6.650000 41.610516
6.650000 41.612015
6.650000 41.613514
6.650000 41.614849
6.650000 41.616180
6.650000 41.617180
6.650000 41.617680
6.650000 41.618347
6.650000 41.619011
6.650000 41.619514
6.650000 41.620178
6.650000 41.621346
6.650000 41.624012
6.650000 41.626514
6.650000 41.629181
6.650000 41.633186
6.650000 41.639690
6.650000 41.654217
6.650000 41.668243
6.650000 41.696476
6.650000 41.697121
6.650000 41.697769
6.650000 41.698898
6.650000 41.700512
6.650000 41.702286
6.650000 41.703903
6.650000 41.705677
6.650000 41.707291
6.650000 41.708420
6.650000 41.711811
6.650000 41.716496
6.650000 41.718594
6.650000 41.719723
6.650000 41.720692
6.650000 41.721661
6.650000 41.722630
6.650000 41.723763
6.650000 41.725216
6.650000 41.726505
6.650000 41.727962
6.650000 41.729900
6.650000 41.732807
6.650000 41.734905
6.650000 41.737976
6.650000 41.743633
6.650000 41.754944
6.650000 41.761410
6.650000 41.771919
6.650000 41.790844
6.650000 41.812370
6.650000 41.836983
6.650000 41.851891
6.650000 41.860802
6.650000 41.876854
6.650000 41.896152
6.650000 41.921795
6.650000 41.937222
6.650000 41.964844
6.650000 41.998177
6.650000 42.038052
6.650000 42.063793
6.650000 42.144375
6.650000 42.420849
6.650000 42.707260
6.650000 42.726486
6.650000 52.144672
6.650000 52.145081
