log(age/yr) M_ini
6.800000 0.150000
6.800000 0.200000
6.800000 0.250000
6.800000 0.300000
6.800000 0.350000
6.800000 0.400000
6.800000 0.450000
6.800000 0.500000
6.800000 0.550000
6.800000 0.600000
6.800000 0.700000
6.800000 0.800000
6.800000 0.900000
6.800000 1.000000
6.800000 1.100000
6.800000 1.200000
6.800000 1.300000
6.800000 1.400000
6.800000 1.500000
6.800000 1.600000
6.800000 1.700000
6.800000 1.800000
6.800000 1.900000
6.800000 1.950000
6.800000 2.000000
6.800000 2.200000
6.800000 2.500000
6.800000 2.921370
6.800000 3.000000
6.800000 3.036533
6.800000 3.500000
6.800000 4.000000
6.800000 4.500000
6.800000 5.000000
6.800000 6.000000
6.800000 7.000000
6.800000 7.867470
6.800000 9.000000
6.800000 10.139988
6.800000 12.000000
6.800000 14.213744
6.800000 15.000000
6.800000 17.447330
6.800000 20.000000
6.800000 22.745256
6.800000 25.121109
6.800000 26.143520
6.800000 26.806149
6.800000 26.871988
6.800000 26.996401
6.800000 27.012171
6.800000 27.016308
6.800000 27.019518
6.800000 27.020758
6.800000 27.021715
6.800000 27.023809
6.800000 27.025631
6.800000 27.027298
6.800000 27.028734
6.800000 27.029898
6.800000 27.031372
6.800000 27.032574
6.800000 27.033815
6.800000 27.035057
6.800000 27.035988
6.800000 27.036959
6.800000 27.037968
6.800000 27.038939
6.800000 27.039948
6.800000 27.040956
6.800000 27.041655
6.800000 27.042353
6.800000 27.043053
6.800000 27.043634
6.800000 27.044682
6.800000 27.045263
6.800000 27.045923
6.800000 27.046623
6.800000 27.047361
6.800000 27.048214
6.800000 27.049109
6.800000 27.050039
6.800000 27.050661
6.800000 27.051321
6.800000 27.051826
6.800000 27.052252
6.800000 27.052719
6.800000 27.053144
6.800000 27.053574
6.800000 27.054039
6.800000 27.054932
6.800000 27.055981
6.800000 27.057690
6.800000 27.060137
6.800000 27.061302
6.800000 27.064409
6.800000 27.077351
6.800000 27.158836
6.800000 27.334604
6.800000 27.595476
6.800000 28.117319
6.800000 28.432693
6.800000 28.953127
6.800000 29.207096
6.800000 29.209953
6.800000 29.210632
6.800000 29.211926
6.800000 29.212809
6.800000 29.213171
