log(age/yr) M_ini
7.650000 0.150000
7.650000 0.200000
7.650000 0.250000
7.650000 0.300000
7.650000 0.350000
7.650000 0.400000
7.650000 0.450000
7.650000 0.494043
7.650000 0.500000
7.650000 0.550000
7.650000 0.600000
7.650000 0.700000
7.650000 0.800000
7.650000 0.869790
7.650000 0.900000
7.650000 1.000000
7.650000 1.100000
7.650000 1.200000
7.650000 1.300000
7.650000 1.400000
7.650000 1.500000
7.650000 1.600000
7.650000 1.700000
7.650000 1.800000
7.650000 1.900000
7.650000 1.950000
7.650000 2.000000
7.650000 2.200000
7.650000 2.500000
7.650000 3.000000
7.650000 3.213860
7.650000 3.500000
7.650000 4.000000
7.650000 4.149546
7.650000 4.500000
7.650000 4.823735
7.650000 5.000000
7.650000 5.342741
7.650000 5.747294
7.650000 6.000000
7.650000 6.095008
7.650000 6.383448
7.650000 6.626652
7.650000 6.834174
7.650000 7.000000
7.650000 7.010404
7.650000 7.157862
7.650000 7.280688
7.650000 7.334239
7.650000 7.382921
7.650000 7.420340
7.650000 7.435372
7.650000 7.451521
7.650000 7.462419
7.650000 7.465511
7.650000 7.467407
7.650000 7.467661
7.650000 7.468098
7.650000 7.468458
7.650000 7.468764
7.650000 7.469118
7.650000 7.469507
7.650000 7.469796
7.650000 7.470096
7.650000 7.470408
7.650000 7.470738
7.650000 7.471087
7.650000 7.471442
7.650000 7.471808
7.650000 7.471989
7.650000 7.472175
7.650000 7.472362
7.650000 7.472554
7.650000 7.472740
7.650000 7.472927
7.650000 7.473113
7.650000 7.473299
7.650000 7.473491
7.650000 7.473678
7.650000 7.473864
7.650000 7.474050
7.650000 7.474230
7.650000 7.474408
7.650000 7.474524
7.650000 7.474635
7.650000 7.474789
7.650000 7.475175
7.650000 7.475893
7.650000 7.476648
7.650000 7.477439
7.650000 7.478291
7.650000 7.480709
7.650000 7.496930
7.650000 7.504688
7.650000 7.511102
7.650000 7.517745
7.650000 7.525362
7.650000 7.536715
7.650000 7.561323
7.650000 7.577505
7.650000 7.581173
7.650000 7.583001
7.650000 7.583573
7.650000 7.584145
7.650000 7.584709
7.650000 7.585853
7.650000 7.587321
7.650000 7.589061
7.650000 7.591411
7.650000 7.594117
7.650000 7.600266
7.650000 7.608079
7.650000 7.633321
7.650000 7.652149
7.650000 7.659647
7.650000 7.664894
7.650000 7.668614
7.650000 7.671539
7.650000 7.673841
7.650000 7.675719
7.650000 7.677284
7.650000 7.679090
7.650000 7.680803
7.650000 7.683191
7.650000 7.685510
7.650000 7.700017
7.650000 7.702753
7.650000 7.702870
7.650000 7.707956
7.650000 7.709817
7.650000 7.712059
7.650000 7.715049
7.650000 7.718356
7.650000 7.721954
7.650000 7.725274
7.650000 7.728193
7.650000 7.728489
