log(age/yr) M_ini
7.450000 0.150000
7.450000 0.200000
7.450000 0.250000
7.450000 0.300000
7.450000 0.350000
7.450000 0.400000
7.450000 0.450000
7.450000 0.471569
7.450000 0.500000
7.450000 0.550000
7.450000 0.600000
7.450000 0.700000
7.450000 0.800000
7.450000 0.900000
7.450000 1.000000
7.450000 1.100000
7.450000 1.200000
7.450000 1.242630
7.450000 1.300000
7.450000 1.400000
7.450000 1.500000
7.450000 1.555467
7.450000 1.600000
7.450000 1.679110
7.450000 1.700000
7.450000 1.800000
7.450000 1.900000
7.450000 1.950000
7.450000 2.000000
7.450000 2.200000
7.450000 2.500000
7.450000 3.000000
7.450000 3.500000
7.450000 3.908967
7.450000 4.000000
7.450000 4.500000
7.450000 5.000000
7.450000 5.119796
7.450000 5.933413
7.450000 6.000000
7.450000 6.609457
7.450000 7.000000
7.450000 7.141920
7.450000 7.564797
7.450000 7.914662
7.450000 8.210577
7.450000 8.462630
7.450000 8.677354
7.450000 8.859876
7.450000 9.000000
7.450000 9.150122
7.450000 9.222145
7.450000 9.266739
7.450000 9.289882
7.450000 9.292757
7.450000 9.292995
7.450000 9.293804
7.450000 9.294209
7.450000 9.294350
7.450000 9.294769
7.450000 9.295089
7.450000 9.295408
7.450000 9.295727
7.450000 9.296063
7.450000 9.296416
7.450000 9.296785
7.450000 9.296970
7.450000 9.297361
7.450000 9.297565
7.450000 9.297752
7.450000 9.297956
7.450000 9.298162
7.450000 9.298331
7.450000 9.298535
7.450000 9.298688
7.450000 9.298824
7.450000 9.298944
7.450000 9.299063
7.450000 9.299181
7.450000 9.299300
7.450000 9.299402
7.450000 9.299504
7.450000 9.299606
7.450000 9.299691
7.450000 9.299793
7.450000 9.299879
7.450000 9.299930
7.450000 9.300014
7.450000 9.300134
7.450000 9.300303
7.450000 9.300355
7.450000 9.300508
7.450000 9.300591
7.450000 9.300694
7.450000 9.300812
7.450000 9.301100
7.450000 9.301997
7.450000 9.303063
7.450000 9.307293
7.450000 9.326743
7.450000 9.340897
7.450000 9.354678
7.450000 9.370596
7.450000 9.395950
7.450000 9.441272
7.450000 9.479300
7.450000 9.495146
7.450000 9.498772
7.450000 9.501166
7.450000 9.502364
7.450000 9.503562
7.450000 9.504437
7.450000 9.505636
7.450000 9.508015
7.450000 9.513884
7.450000 9.516121
7.450000 9.526379
7.450000 9.530783
7.450000 9.535011
7.450000 9.538247
7.450000 9.541432
7.450000 9.543811
7.450000 9.546037
7.450000 9.547534
7.450000 9.549030
7.450000 9.550451
7.450000 9.552654
7.450000 9.555401
7.450000 9.556744
7.450000 9.598013
7.450000 9.616421
7.450000 9.619087
7.450000 9.620762
7.450000 9.622778
7.450000 9.624351
7.450000 9.626316
7.450000 9.628554
7.450000 9.631221
7.450000 9.633306
