log(age/yr) M_ini
7.950000 0.150000
7.950000 0.200000
7.950000 0.250000
7.950000 0.300000
7.950000 0.350000
7.950000 0.400000
7.950000 0.450000
7.950000 0.500000
7.950000 0.550000
7.950000 0.600000
7.950000 0.700000
7.950000 0.800000
7.950000 0.900000
7.950000 0.923415
7.950000 1.000000
7.950000 1.024591
7.950000 1.100000
7.950000 1.111912
7.950000 1.200000
7.950000 1.300000
7.950000 1.400000
7.950000 1.500000
7.950000 1.600000
7.950000 1.700000
7.950000 1.800000
7.950000 1.900000
7.950000 1.950000
7.950000 2.000000
7.950000 2.200000
7.950000 2.414973
7.950000 2.500000
7.950000 3.000000
7.950000 3.089729
7.950000 3.500000
7.950000 3.558410
7.950000 3.911695
7.950000 4.000000
7.950000 4.220183
7.950000 4.458920
7.950000 4.500000
7.950000 4.677601
7.950000 4.847517
7.950000 4.991359
7.950000 5.000000
7.950000 5.119671
7.950000 5.224189
7.950000 5.311966
7.950000 5.350362
7.950000 5.385391
7.950000 5.408532
7.950000 5.422699
7.950000 5.433861
7.950000 5.441380
7.950000 5.443505
7.950000 5.444737
7.950000 5.444841
7.950000 5.445166
7.950000 5.445511
7.950000 5.445814
7.950000 5.446203
7.950000 5.446635
7.950000 5.447132
7.950000 5.447694
7.950000 5.448035
7.950000 5.448396
7.950000 5.448756
7.950000 5.449135
7.950000 5.449513
7.950000 5.449892
7.950000 5.450082
7.950000 5.450290
7.950000 5.450479
7.950000 5.450668
7.950000 5.450857
7.950000 5.451046
7.950000 5.451235
7.950000 5.451406
7.950000 5.451595
7.950000 5.451784
7.950000 5.451954
7.950000 5.452124
7.950000 5.452410
7.950000 5.452676
7.950000 5.452942
7.950000 5.453393
7.950000 5.453965
7.950000 5.454578
7.950000 5.455191
7.950000 5.455824
7.950000 5.456437
7.950000 5.457519
7.950000 5.458457
7.950000 5.467336
7.950000 5.471723
7.950000 5.475672
7.950000 5.479399
7.950000 5.482841
7.950000 5.486757
7.950000 5.492243
7.950000 5.501082
7.950000 5.513572
7.950000 5.522583
7.950000 5.525946
7.950000 5.528237
7.950000 5.532045
7.950000 5.586512
7.950000 5.619380
7.950000 5.632880
7.950000 5.643789
7.950000 5.658666
7.950000 5.676935
7.950000 5.678384
7.950000 5.678456
7.950000 5.678720
7.950000 5.680066
7.950000 5.680557
7.950000 5.681312
7.950000 5.682262
7.950000 5.683310
7.950000 5.684177
7.950000 5.685060
7.950000 5.685746
7.950000 5.686366
7.950000 5.686872
7.950000 5.687313
7.950000 5.687916
7.950000 5.688193
7.950000 5.688421
7.950000 5.688666
7.950000 5.689089
7.950000 5.689155
7.950000 5.689236
7.950000 5.689350
