log(age/yr) M_ini
6.600000 0.150000
6.600000 0.200000
6.600000 0.250000
6.600000 0.300000
6.600000 0.350000
6.600000 0.400000
6.600000 0.450000
6.600000 0.500000
6.600000 0.550000
6.600000 0.600000
6.600000 0.700000
6.600000 0.800000
6.600000 0.900000
6.600000 1.000000
6.600000 1.100000
6.600000 1.200000
6.600000 1.300000
6.600000 1.400000
6.600000 1.500000
6.600000 1.600000
6.600000 1.700000
6.600000 1.800000
6.600000 1.900000
6.600000 1.950000
6.600000 2.000000
6.600000 2.200000
6.600000 2.500000
6.600000 3.000000
6.600000 3.500000
6.600000 3.686785
6.600000 4.000000
6.600000 4.500000
6.600000 5.000000
6.600000 6.000000
6.600000 7.000000
6.600000 9.000000
6.600000 12.000000
6.600000 13.087253
6.600000 15.000000
6.600000 19.619938
6.600000 20.000000
6.600000 25.801016
6.600000 30.000000
6.600000 30.630039
6.600000 36.475296
6.600000 40.000000
6.600000 42.042530
6.600000 44.055214
6.600000 44.571793
6.600000 48.355347
6.600000 50.396240
6.600000 50.706783
6.600000 50.780529
6.600000 50.810829
6.600000 50.827950
6.600000 50.833996
6.600000 50.839039
6.600000 50.841309
6.600000 50.843826
6.600000 50.846348
6.600000 50.848869
6.600000 50.851391
6.600000 50.853912
6.600000 50.856434
6.600000 50.858704
6.600000 50.860973
6.600000 50.862995
6.600000 50.865009
6.600000 50.866524
6.600000 50.867283
6.600000 50.868294
6.600000 50.869297
6.600000 50.870060
6.600000 50.871067
6.600000 50.872833
6.600000 50.876873
6.600000 50.880661
6.600000 50.884701
6.600000 50.890762
6.600000 50.900616
6.600000 50.922615
6.600000 50.940933
6.600000 50.977798
6.600000 50.978642
6.600000 50.979485
6.600000 50.980961
6.600000 50.983067
6.600000 50.985386
6.600000 50.987495
6.600000 50.989811
6.600000 50.991920
6.600000 50.993393
6.600000 50.997822
6.600000 51.003941
6.600000 51.006680
6.600000 51.008156
6.600000 51.009422
6.600000 51.010685
6.600000 51.011948
6.600000 51.013428
6.600000 51.015324
6.600000 51.017010
6.600000 51.018913
6.600000 51.021442
6.600000 51.025238
6.600000 51.027981
6.600000 51.031990
6.600000 51.039375
6.600000 51.054150
6.600000 51.062592
6.600000 51.076317
6.600000 51.101032
6.600000 51.129135
6.600000 51.161282
6.600000 51.180748
6.600000 51.192390
6.600000 51.213348
6.600000 51.238556
6.600000 51.272045
6.600000 51.292194
6.600000 51.328270
6.600000 51.371799
6.600000 51.423885
6.600000 51.457500
6.600000 51.562756
6.600000 51.923920
6.600000 52.298138
6.600000 52.323257
6.600000 60.000000
6.600000 61.920410
6.600000 64.142464
6.600000 65.369423
6.600000 65.463501
6.600000 65.827515
6.600000 65.939903
6.600000 65.981407
6.600000 66.028336
6.600000 66.073204
6.600000 66.122665
6.600000 66.174652
6.600000 66.333290
6.600000 66.432930
6.600000 66.508049
6.600000 66.556908
