log(age/yr) M_ini
7.850000 0.150000
7.850000 0.200000
7.850000 0.250000
7.850000 0.300000
7.850000 0.350000
7.850000 0.400000
7.850000 0.450000
7.850000 0.500000
7.850000 0.550000
7.850000 0.600000
7.850000 0.700000
7.850000 0.800000
7.850000 0.900000
7.850000 0.960816
7.850000 1.000000
7.850000 1.062013
7.850000 1.100000
7.850000 1.142636
7.850000 1.200000
7.850000 1.300000
7.850000 1.400000
7.850000 1.500000
7.850000 1.600000
7.850000 1.700000
7.850000 1.800000
7.850000 1.900000
7.850000 1.950000
7.850000 2.000000
7.850000 2.200000
7.850000 2.500000
7.850000 2.668686
7.850000 3.000000
7.850000 3.387836
7.850000 3.500000
7.850000 3.916378
7.850000 4.000000
7.850000 4.336687
7.850000 4.500000
7.850000 4.680963
7.850000 4.947030
7.850000 5.000000
7.850000 5.180570
7.850000 5.370234
7.850000 5.530911
7.850000 5.667563
7.850000 5.783267
7.850000 5.880437
7.850000 5.922941
7.850000 5.961719
7.850000 5.987337
7.850000 6.000000
7.850000 6.000793
7.850000 6.013958
7.850000 6.022830
7.850000 6.025352
7.850000 6.026852
7.850000 6.026932
7.850000 6.027332
7.850000 6.027680
7.850000 6.028001
7.850000 6.028377
7.850000 6.028804
7.850000 6.029281
7.850000 6.029625
7.850000 6.029985
7.850000 6.030173
7.850000 6.030555
7.850000 6.030948
7.850000 6.031349
7.850000 6.031753
7.850000 6.031960
7.850000 6.032166
7.850000 6.032372
7.850000 6.032578
7.850000 6.032784
7.850000 6.032990
7.850000 6.033192
7.850000 6.033398
7.850000 6.033600
7.850000 6.033802
7.850000 6.034004
7.850000 6.034241
7.850000 6.034361
7.850000 6.034579
7.850000 6.034774
7.850000 6.034934
7.850000 6.035245
7.850000 6.035841
7.850000 6.036557
7.850000 6.037270
7.850000 6.038020
7.850000 6.038779
7.850000 6.041110
7.850000 6.052613
7.850000 6.058509
7.850000 6.063051
7.850000 6.067843
7.850000 6.073154
7.850000 6.079516
7.850000 6.089609
7.850000 6.104859
7.850000 6.115170
7.850000 6.118045
7.850000 6.119385
7.850000 6.120715
7.850000 6.121377
7.850000 6.122700
7.850000 6.123806
7.850000 6.125771
7.850000 6.166039
7.850000 6.199292
7.850000 6.209251
7.850000 6.215996
7.850000 6.221219
7.850000 6.225392
7.850000 6.229295
7.850000 6.234087
7.850000 6.238405
7.850000 6.243916
7.850000 6.268313
7.850000 6.271434
7.850000 6.271627
7.850000 6.271972
7.850000 6.273650
7.850000 6.274302
7.850000 6.275211
7.850000 6.276240
7.850000 6.277452
7.850000 6.278536
7.850000 6.279526
7.850000 6.280286
7.850000 6.280965
7.850000 6.281810
7.850000 6.282066
7.850000 6.282305
7.850000 6.282548
7.850000 6.282621
