log(age/yr) M_ini
7.150000 0.150000
7.150000 0.200000
7.150000 0.250000
7.150000 0.300000
7.150000 0.350000
7.150000 0.400000
7.150000 0.450000
7.150000 0.500000
7.150000 0.550000
7.150000 0.600000
7.150000 0.700000
7.150000 0.800000
7.150000 0.900000
7.150000 1.000000
7.150000 1.100000
7.150000 1.200000
7.150000 1.300000
7.150000 1.400000
7.150000 1.500000
7.150000 1.600000
7.150000 1.700000
7.150000 1.800000
7.150000 1.900000
7.150000 1.950000
7.150000 2.000000
7.150000 2.199731
7.150000 2.200000
7.150000 2.500000
7.150000 3.000000
7.150000 3.500000
7.150000 4.000000
7.150000 4.500000
7.150000 5.000000
7.150000 5.380983
7.150000 6.000000
7.150000 7.000000
7.150000 7.070670
7.150000 8.235213
7.150000 9.000000
7.150000 10.593335
7.150000 11.730128
7.150000 12.000000
7.150000 12.577010
7.150000 13.320331
7.150000 13.624693
7.150000 13.780838
7.150000 13.834795
7.150000 13.875381
7.150000 13.880400
7.150000 13.881183
7.150000 13.882824
7.150000 13.883591
7.150000 13.884138
7.150000 13.884780
7.150000 13.885250
7.150000 13.885678
7.150000 13.886148
7.150000 13.886577
7.150000 13.886919
7.150000 13.887218
7.150000 13.887647
7.150000 13.888022
7.150000 13.888344
7.150000 13.888612
7.150000 13.888880
7.150000 13.889148
7.150000 13.889416
7.150000 13.889630
7.150000 13.889898
7.150000 13.890113
7.150000 13.890327
7.150000 13.890488
7.150000 13.890649
7.150000 13.890810
7.150000 13.890970
7.150000 13.891131
7.150000 13.891293
7.150000 13.891453
7.150000 13.891614
7.150000 13.891829
7.150000 13.891989
7.150000 13.892043
7.150000 13.892150
7.150000 13.892203
7.150000 13.892258
7.150000 13.892365
7.150000 13.892472
7.150000 13.892686
7.150000 13.892847
7.150000 13.893017
7.150000 13.893144
7.150000 13.893186
7.150000 13.893229
7.150000 13.893313
7.150000 13.893440
7.150000 13.893823
7.150000 13.895306
7.150000 13.901658
7.150000 13.921993
7.150000 13.939528
7.150000 13.958507
7.150000 13.990473
7.150000 14.069448
7.150000 14.143428
7.150000 14.169003
7.150000 14.178626
7.150000 14.182177
7.150000 14.183372
7.150000 14.184528
7.150000 14.185685
7.150000 14.186841
7.150000 14.187959
7.150000 14.190153
7.150000 14.194464
7.150000 14.195579
7.150000 14.257439
7.150000 14.293383
7.150000 14.319793
7.150000 14.337528
7.150000 14.355458
7.150000 14.364668
7.150000 14.373585
7.150000 14.382896
7.150000 14.401326
7.150000 14.428469
7.150000 14.436469
7.150000 14.461119
7.150000 14.463037
7.150000 14.463237
7.150000 14.464748
7.150000 14.465308
7.150000 14.466066
7.150000 14.466737
