log(age/yr) M_ini
7.100000 0.150000
7.100000 0.200000
7.100000 0.250000
7.100000 0.300000
7.100000 0.350000
7.100000 0.400000
7.100000 0.450000
7.100000 0.500000
7.100000 0.550000
7.100000 0.600000
7.100000 0.700000
7.100000 0.800000
7.100000 0.900000
7.100000 1.000000
7.100000 1.100000
7.100000 1.200000
7.100000 1.300000
7.100000 1.400000
7.100000 1.500000
7.100000 1.600000
7.100000 1.700000
7.100000 1.800000
7.100000 1.900000
7.100000 1.950000
7.100000 2.000000
7.100000 2.200000
7.100000 2.262553
7.100000 2.500000
7.100000 3.000000
7.100000 3.500000
7.100000 4.000000
7.100000 4.500000
7.100000 5.000000
7.100000 5.661594
7.100000 6.000000
7.100000 7.000000
7.100000 7.457987
7.100000 8.686321
7.100000 9.000000
7.100000 9.570147
7.100000 11.293350
7.100000 12.000000
7.100000 12.484557
7.100000 13.534853
7.100000 14.334784
7.100000 14.662325
7.100000 14.830362
7.100000 14.886132
7.100000 14.928086
7.100000 14.933274
7.100000 14.934084
7.100000 14.935932
7.100000 14.936796
7.100000 14.937412
7.100000 14.938047
7.100000 14.938513
7.100000 14.938937
7.100000 14.939403
7.100000 14.939826
7.100000 14.940165
7.100000 14.940461
7.100000 14.940939
7.100000 14.941359
7.100000 14.941717
7.100000 14.942017
7.100000 14.942315
7.100000 14.942615
7.100000 14.942914
7.100000 14.943153
7.100000 14.943452
7.100000 14.943691
7.100000 14.943932
7.100000 14.944111
7.100000 14.944290
7.100000 14.944469
7.100000 14.944649
7.100000 14.944829
7.100000 14.945008
7.100000 14.945187
7.100000 14.945367
7.100000 14.945606
7.100000 14.945786
7.100000 14.945847
7.100000 14.945966
7.100000 14.946025
7.100000 14.946085
7.100000 14.946205
7.100000 14.946324
7.100000 14.946564
7.100000 14.946743
7.100000 14.946910
7.100000 14.947036
7.100000 14.947077
7.100000 14.947119
7.100000 14.947203
7.100000 14.947328
7.100000 14.947703
7.100000 14.949163
7.100000 14.955419
7.100000 14.974911
7.100000 14.991720
7.100000 15.000000
7.100000 15.019535
7.100000 15.106499
7.100000 15.139456
7.100000 15.227564
7.100000 15.251463
7.100000 15.259065
7.100000 15.261568
7.100000 15.264071
7.100000 15.266572
7.100000 15.267865
7.100000 15.270279
7.100000 15.272779
7.100000 15.275190
7.100000 15.280098
7.100000 15.287237
7.100000 15.312274
7.100000 15.329420
7.100000 15.346252
7.100000 15.362770
7.100000 15.377777
7.100000 15.390985
7.100000 15.401924
7.100000 15.412606
7.100000 15.421093
7.100000 15.429221
7.100000 15.435418
7.100000 15.440417
7.100000 15.445328
7.100000 15.447924
7.100000 15.451727
7.100000 15.453769
7.100000 15.456182
7.100000 15.458039
7.100000 15.461199
7.100000 15.470221
7.100000 15.653368
7.100000 15.668447
7.100000 15.675496
7.100000 15.678755
7.100000 15.682716
7.100000 15.688437
