log(age/yr) M_ini
7.400000 0.150000
7.400000 0.200000
7.400000 0.250000
7.400000 0.300000
7.400000 0.350000
7.400000 0.400000
7.400000 0.450000
7.400000 0.466112
7.400000 0.500000
7.400000 0.550000
7.400000 0.600000
7.400000 0.700000
7.400000 0.800000
7.400000 0.900000
7.400000 1.000000
7.400000 1.100000
7.400000 1.200000
7.400000 1.257742
7.400000 1.300000
7.400000 1.400000
7.400000 1.500000
7.400000 1.600000
7.400000 1.700000
7.400000 1.762794
7.400000 1.800000
7.400000 1.900000
7.400000 1.950000
7.400000 2.000000
7.400000 2.200000
7.400000 2.500000
7.400000 3.000000
7.400000 3.500000
7.400000 4.000000
7.400000 4.118293
7.400000 4.500000
7.400000 5.000000
7.400000 5.386787
7.400000 6.000000
7.400000 6.283777
7.400000 6.974821
7.400000 7.000000
7.400000 7.533140
7.400000 7.979182
7.400000 8.348212
7.400000 8.660336
7.400000 8.926196
7.400000 9.000000
7.400000 9.123953
7.400000 9.574419
7.400000 9.754767
7.400000 9.831551
7.400000 9.877795
7.400000 9.901796
7.400000 9.904778
7.400000 9.905025
7.400000 9.905921
7.400000 9.906369
7.400000 9.906525
7.400000 9.906950
7.400000 9.907273
7.400000 9.907596
7.400000 9.907919
7.400000 9.908258
7.400000 9.908615
7.400000 9.908989
7.400000 9.909176
7.400000 9.909583
7.400000 9.909795
7.400000 9.909989
7.400000 9.910201
7.400000 9.910413
7.400000 9.910590
7.400000 9.910802
7.400000 9.910961
7.400000 9.911102
7.400000 9.911226
7.400000 9.911349
7.400000 9.911473
7.400000 9.911596
7.400000 9.911703
7.400000 9.911809
7.400000 9.911915
7.400000 9.912003
7.400000 9.912109
7.400000 9.912197
7.400000 9.912251
7.400000 9.912338
7.400000 9.912462
7.400000 9.912639
7.400000 9.912692
7.400000 9.912848
7.400000 9.912936
7.400000 9.913041
7.400000 9.913163
7.400000 9.913460
7.400000 9.914384
7.400000 9.915483
7.400000 9.919842
7.400000 9.940060
7.400000 9.954772
7.400000 9.969099
7.400000 9.985646
7.400000 10.012004
7.400000 10.059124
7.400000 10.102170
7.400000 10.120102
7.400000 10.124206
7.400000 10.126916
7.400000 10.128271
7.400000 10.129626
7.400000 10.130618
7.400000 10.131973
7.400000 10.134665
7.400000 10.141307
7.400000 10.143838
7.400000 10.153230
7.400000 10.157261
7.400000 10.161133
7.400000 10.164095
7.400000 10.167011
7.400000 10.169188
7.400000 10.171227
7.400000 10.172598
7.400000 10.173968
7.400000 10.175269
7.400000 10.177286
7.400000 10.179801
7.400000 10.181029
7.400000 10.226048
7.400000 10.246126
7.400000 10.249035
7.400000 10.250861
7.400000 10.253061
7.400000 10.254776
7.400000 10.256920
7.400000 10.259361
7.400000 10.262269
7.400000 10.264544
