log(age/yr) M_ini
7.250000 0.150000
7.250000 0.200000
7.250000 0.250000
7.250000 0.300000
7.250000 0.350000
7.250000 0.400000
7.250000 0.450000
7.250000 0.450118
7.250000 0.500000
7.250000 0.550000
7.250000 0.600000
7.250000 0.700000
7.250000 0.800000
7.250000 0.900000
7.250000 1.000000
7.250000 1.100000
7.250000 1.200000
7.250000 1.300000
7.250000 1.400000
7.250000 1.500000
7.250000 1.600000
7.250000 1.700000
7.250000 1.800000
7.250000 1.900000
7.250000 1.950000
7.250000 1.962682
7.250000 2.000000
7.250000 2.029209
7.250000 2.200000
7.250000 2.500000
7.250000 3.000000
7.250000 3.500000
7.250000 4.000000
7.250000 4.500000
7.250000 4.839703
7.250000 5.000000
7.250000 6.000000
7.250000 6.323609
7.250000 7.000000
7.250000 7.402061
7.250000 8.201654
7.250000 8.840142
7.250000 9.000000
7.250000 9.320787
7.250000 10.321019
7.250000 11.054860
7.250000 11.600659
7.250000 11.819176
7.250000 11.912208
7.250000 11.963530
7.250000 11.990173
7.250000 11.993484
7.250000 11.993758
7.250000 11.994965
7.250000 11.995567
7.250000 11.995778
7.250000 11.996209
7.250000 11.996537
7.250000 11.996865
7.250000 11.997193
7.250000 11.997539
7.250000 11.997901
7.250000 11.998281
7.250000 11.998470
7.250000 11.998924
7.250000 11.999161
7.250000 11.999378
7.250000 11.999615
7.250000 11.999851
7.250000 12.000000
7.250000 12.000004
7.250000 12.000175
7.250000 12.000389
7.250000 12.000561
7.250000 12.000731
7.250000 12.000860
7.250000 12.000989
7.250000 12.001118
7.250000 12.001246
7.250000 12.001375
7.250000 12.001503
7.250000 12.001632
7.250000 12.001760
7.250000 12.001932
7.250000 12.002060
7.250000 12.002103
7.250000 12.002189
7.250000 12.002232
7.250000 12.002275
7.250000 12.002360
7.250000 12.002446
7.250000 12.002618
7.250000 12.002747
7.250000 12.002917
7.250000 12.003046
7.250000 12.003089
7.250000 12.003132
7.250000 12.003218
7.250000 12.003345
7.250000 12.003732
7.250000 12.005230
7.250000 12.011649
7.250000 12.033051
7.250000 12.051505
7.250000 12.071474
7.250000 12.105104
7.250000 12.188161
7.250000 12.264626
7.250000 12.291051
7.250000 12.300993
7.250000 12.304660
7.250000 12.305895
7.250000 12.307090
7.250000 12.308285
7.250000 12.309479
7.250000 12.310633
7.250000 12.312901
7.250000 12.317352
7.250000 12.318504
7.250000 12.333810
7.250000 12.342704
7.250000 12.349239
7.250000 12.353628
7.250000 12.358066
7.250000 12.360344
7.250000 12.362551
7.250000 12.364854
7.250000 12.369414
7.250000 12.376129
7.250000 12.399013
7.250000 12.469566
7.250000 12.475061
7.250000 12.475635
7.250000 12.479960
7.250000 12.481565
7.250000 12.483737
7.250000 12.485657
