log(age/yr) M_ini
7.800000 0.150000
7.800000 0.200000
7.800000 0.250000
7.800000 0.300000
7.800000 0.350000
7.800000 0.400000
7.800000 0.450000
7.800000 0.500000
7.800000 0.550000
7.800000 0.600000
7.800000 0.700000
7.800000 0.800000
7.800000 0.807986
7.800000 0.900000
7.800000 0.980080
7.800000 1.000000
7.800000 1.081234
7.800000 1.100000
7.800000 1.158314
7.800000 1.200000
7.800000 1.300000
7.800000 1.400000
7.800000 1.500000
7.800000 1.600000
7.800000 1.700000
7.800000 1.800000
7.800000 1.900000
7.800000 1.950000
7.800000 2.000000
7.800000 2.200000
7.800000 2.500000
7.800000 2.790662
7.800000 3.000000
7.800000 3.500000
7.800000 3.575454
7.800000 4.000000
7.800000 4.129371
7.800000 4.500000
7.800000 4.581829
7.800000 4.920973
7.800000 5.000000
7.800000 5.214920
7.800000 5.450730
7.800000 5.650285
7.800000 5.819342
7.800000 5.963120
7.800000 6.000000
7.800000 6.092483
7.800000 6.198478
7.800000 6.244816
7.800000 6.287067
7.800000 6.317531
7.800000 6.332212
7.800000 6.345826
7.800000 6.355003
7.800000 6.357611
7.800000 6.359162
7.800000 6.359227
7.800000 6.359631
7.800000 6.359982
7.800000 6.360306
7.800000 6.360686
7.800000 6.361117
7.800000 6.361599
7.800000 6.361947
7.800000 6.362310
7.800000 6.362500
7.800000 6.362867
7.800000 6.363246
7.800000 6.363632
7.800000 6.364022
7.800000 6.364220
7.800000 6.364419
7.800000 6.364617
7.800000 6.364815
7.800000 6.365014
7.800000 6.365212
7.800000 6.365407
7.800000 6.365605
7.800000 6.365799
7.800000 6.365994
7.800000 6.366189
7.800000 6.366417
7.800000 6.366533
7.800000 6.366751
7.800000 6.366946
7.800000 6.367105
7.800000 6.367416
7.800000 6.368011
7.800000 6.368727
7.800000 6.369439
7.800000 6.370189
7.800000 6.370947
7.800000 6.373276
7.800000 6.385247
7.800000 6.391384
7.800000 6.396111
7.800000 6.401098
7.800000 6.406626
7.800000 6.413247
7.800000 6.423751
7.800000 6.439625
7.800000 6.448095
7.800000 6.450457
7.800000 6.451559
7.800000 6.452651
7.800000 6.453195
7.800000 6.454282
7.800000 6.455191
7.800000 6.456805
7.800000 6.489903
7.800000 6.526034
7.800000 6.536854
7.800000 6.544182
7.800000 6.549855
7.800000 6.554389
7.800000 6.558628
7.800000 6.563833
7.800000 6.568523
7.800000 6.574509
7.800000 6.601006
7.800000 6.604394
7.800000 6.604604
7.800000 6.604935
7.800000 6.606544
7.800000 6.607170
7.800000 6.608043
7.800000 6.609030
7.800000 6.610192
7.800000 6.611233
7.800000 6.612183
7.800000 6.612911
7.800000 6.613563
7.800000 6.614373
7.800000 6.614619
7.800000 6.614849
7.800000 6.615082
7.800000 6.615151
