log(age/yr) M_ini
7.750000 0.150000
7.750000 0.200000
7.750000 0.250000
7.750000 0.300000
7.750000 0.350000
7.750000 0.400000
7.750000 0.450000
7.750000 0.500000
7.750000 0.550000
7.750000 0.600000
7.750000 0.700000
7.750000 0.800000
7.750000 0.828083
7.750000 0.900000
7.750000 0.999732
7.750000 1.000000
7.750000 1.100000
7.750000 1.174208
7.750000 1.200000
7.750000 1.300000
7.750000 1.400000
7.750000 1.500000
7.750000 1.600000
7.750000 1.700000
7.750000 1.800000
7.750000 1.900000
7.750000 1.950000
7.750000 2.000000
7.750000 2.200000
7.750000 2.500000
7.750000 2.918212
7.750000 3.000000
7.750000 3.500000
7.750000 3.750987
7.750000 4.000000
7.750000 4.336851
7.750000 4.500000
7.750000 4.816755
7.750000 5.000000
7.750000 5.191694
7.750000 5.486871
7.750000 5.734979
7.750000 5.944940
7.750000 6.000000
7.750000 6.136933
7.750000 6.295228
7.750000 6.429269
7.750000 6.541123
7.750000 6.590023
7.750000 6.634610
7.750000 6.666758
7.750000 6.681934
7.750000 6.696008
7.750000 6.705495
7.750000 6.708191
7.750000 6.709795
7.750000 6.709842
7.750000 6.710249
7.750000 6.710604
7.750000 6.710930
7.750000 6.711313
7.750000 6.711747
7.750000 6.712233
7.750000 6.712584
7.750000 6.712950
7.750000 6.713141
7.750000 6.713492
7.750000 6.713853
7.750000 6.714221
7.750000 6.714593
7.750000 6.714783
7.750000 6.714972
7.750000 6.715161
7.750000 6.715351
7.750000 6.715540
7.750000 6.715729
7.750000 6.715915
7.750000 6.716104
7.750000 6.716290
7.750000 6.716475
7.750000 6.716661
7.750000 6.716878
7.750000 6.716989
7.750000 6.717206
7.750000 6.717401
7.750000 6.717559
7.750000 6.717869
7.750000 6.718462
7.750000 6.719175
7.750000 6.719884
7.750000 6.720631
7.750000 6.721386
7.750000 6.723706
7.750000 6.736161
7.750000 6.742547
7.750000 6.747466
7.750000 6.752655
7.750000 6.758407
7.750000 6.765297
7.750000 6.776228
7.750000 6.792747
7.750000 6.799145
7.750000 6.800930
7.750000 6.801763
7.750000 6.802588
7.750000 6.802999
7.750000 6.803821
7.750000 6.804508
7.750000 6.805728
7.750000 6.830777
7.750000 6.869998
7.750000 6.881741
7.750000 6.889694
7.750000 6.895851
7.750000 6.900771
7.750000 6.905371
7.750000 6.911020
7.750000 6.916110
7.750000 6.922606
7.750000 6.951355
7.750000 6.955032
7.750000 6.955259
7.750000 6.955574
7.750000 6.957103
7.750000 6.957697
7.750000 6.958527
7.750000 6.959465
7.750000 6.960569
7.750000 6.961558
7.750000 6.962461
7.750000 6.963153
7.750000 6.963772
7.750000 6.964542
7.750000 6.964776
7.750000 6.964994
7.750000 6.965216
7.750000 6.965282
