log(age/yr) M_ini
7.700000 0.150000
7.700000 0.200000
7.700000 0.250000
7.700000 0.300000
7.700000 0.350000
7.700000 0.400000
7.700000 0.450000
7.700000 0.499827
7.700000 0.500000
7.700000 0.550000
7.700000 0.600000
7.700000 0.700000
7.700000 0.800000
7.700000 0.848681
7.700000 0.900000
7.700000 1.000000
7.700000 1.100000
7.700000 1.190320
7.700000 1.200000
7.700000 1.300000
7.700000 1.400000
7.700000 1.500000
7.700000 1.600000
7.700000 1.700000
7.700000 1.800000
7.700000 1.900000
7.700000 1.950000
7.700000 2.000000
7.700000 2.200000
7.700000 2.500000
7.700000 3.000000
7.700000 3.069206
7.700000 3.500000
7.700000 3.935138
7.700000 4.000000
7.700000 4.500000
7.700000 4.588469
7.700000 5.000000
7.700000 5.077933
7.700000 5.462434
7.700000 5.773005
7.700000 6.000000
7.700000 6.049062
7.700000 6.279526
7.700000 6.476177
7.700000 6.643222
7.700000 6.784673
7.700000 6.902710
7.700000 6.954313
7.700000 7.000000
7.700000 7.034977
7.700000 7.049137
7.700000 7.064348
7.700000 7.074613
7.700000 7.077526
7.700000 7.079312
7.700000 7.079380
7.700000 7.079843
7.700000 7.080225
7.700000 7.080549
7.700000 7.080924
7.700000 7.081336
7.700000 7.081643
7.700000 7.081961
7.700000 7.082292
7.700000 7.082641
7.700000 7.083004
7.700000 7.083374
7.700000 7.083755
7.700000 7.083943
7.700000 7.084137
7.700000 7.084331
7.700000 7.084531
7.700000 7.084725
7.700000 7.084918
7.700000 7.085113
7.700000 7.085306
7.700000 7.085506
7.700000 7.085700
7.700000 7.085894
7.700000 7.086088
7.700000 7.086275
7.700000 7.086457
7.700000 7.086576
7.700000 7.086689
7.700000 7.086845
7.700000 7.087241
7.700000 7.087974
7.700000 7.088744
7.700000 7.089552
7.700000 7.090422
7.700000 7.092892
7.700000 7.107629
7.700000 7.114678
7.700000 7.120506
7.700000 7.126542
7.700000 7.133464
7.700000 7.143782
7.700000 7.166149
7.700000 7.180346
7.700000 7.183565
7.700000 7.185168
7.700000 7.185670
7.700000 7.186172
7.700000 7.186667
7.700000 7.187671
7.700000 7.188960
7.700000 7.190486
7.700000 7.192549
7.700000 7.194924
7.700000 7.200321
7.700000 7.209420
7.700000 7.238819
7.700000 7.260754
7.700000 7.269489
7.700000 7.275602
7.700000 7.279937
7.700000 7.283346
7.700000 7.286028
7.700000 7.288217
7.700000 7.290039
7.700000 7.292144
7.700000 7.294140
7.700000 7.296923
7.700000 7.299625
7.700000 7.316532
7.700000 7.319720
7.700000 7.319856
7.700000 7.323221
7.700000 7.324452
7.700000 7.325936
7.700000 7.327915
7.700000 7.330104
7.700000 7.332487
7.700000 7.334686
7.700000 7.336620
7.700000 7.336815
