log(age/yr) M_ini
6.950000 0.150000
6.950000 0.200000
6.950000 0.250000
6.950000 0.300000
6.950000 0.350000
6.950000 0.400000
6.950000 0.450000
6.950000 0.500000
6.950000 0.550000
6.950000 0.600000
6.950000 0.700000
6.950000 0.800000
6.950000 0.900000
6.950000 1.000000
6.950000 1.100000
6.950000 1.200000
6.950000 1.300000
6.950000 1.400000
6.950000 1.500000
6.950000 1.600000
6.950000 1.700000
6.950000 1.800000
6.950000 1.900000
6.950000 1.950000
6.950000 2.000000
6.950000 2.200000
6.950000 2.500000
6.950000 2.554803
6.950000 3.000000
6.950000 3.500000
6.950000 4.000000
6.950000 4.500000
6.950000 5.000000
6.950000 6.000000
6.950000 6.643983
6.950000 7.000000
6.950000 8.751950
6.950000 9.000000
6.950000 11.595482
6.950000 12.000000
6.950000 13.814959
6.950000 15.000000
6.950000 15.515132
6.950000 17.131075
6.950000 18.394480
6.950000 18.921747
6.950000 19.229218
6.950000 19.293476
6.950000 19.365871
6.950000 19.374971
6.950000 19.376595
6.950000 19.379726
6.950000 19.381050
6.950000 19.381893
6.950000 19.382629
6.950000 19.383364
6.950000 19.383995
6.950000 19.384733
6.950000 19.385363
6.950000 19.385889
6.950000 19.386099
6.950000 19.386625
6.950000 19.387045
6.950000 19.387466
6.950000 19.387991
6.950000 19.388412
6.950000 19.388727
6.950000 19.389147
6.950000 19.389462
6.950000 19.389883
6.950000 19.390198
6.950000 19.390409
6.950000 19.390724
6.950000 19.390934
6.950000 19.391144
6.950000 19.391459
6.950000 19.391668
6.950000 19.391880
6.950000 19.392195
6.950000 19.392405
6.950000 19.392721
6.950000 19.392931
6.950000 19.393141
6.950000 19.393351
6.950000 19.393456
6.950000 19.393562
6.950000 19.393665
6.950000 19.393770
6.950000 19.393877
6.950000 19.394087
6.950000 19.394192
6.950000 19.394297
6.950000 19.394506
6.950000 19.394821
6.950000 19.395033
6.950000 19.395243
6.950000 19.395348
6.950000 19.395452
6.950000 19.395559
6.950000 19.395662
6.950000 19.398499
6.950000 19.406796
6.950000 19.428886
6.950000 19.449942
6.950000 19.477278
6.950000 19.561705
6.950000 19.593710
6.950000 19.679300
6.950000 19.702524
6.950000 19.709911
6.950000 19.712345
6.950000 19.714775
6.950000 19.717207
6.950000 19.718464
6.950000 19.720810
6.950000 19.723240
6.950000 19.725582
6.950000 19.730354
6.950000 19.737293
6.950000 19.782322
6.950000 19.813156
6.950000 19.843422
6.950000 19.873116
6.950000 19.900093
6.950000 19.923834
6.950000 19.943493
6.950000 19.962688
6.950000 19.977940
6.950000 19.992546
6.950000 20.000000
6.950000 20.342657
6.950000 20.558758
6.950000 20.561190
6.950000 20.567123
6.950000 20.578409
6.950000 20.586092
6.950000 20.589264
