log(age/yr) M_ini
7.300000 0.150000
7.300000 0.200000
7.300000 0.250000
7.300000 0.300000
7.300000 0.350000
7.300000 0.400000
7.300000 0.450000
7.300000 0.455387
7.300000 0.500000
7.300000 0.550000
7.300000 0.600000
7.300000 0.700000
7.300000 0.800000
7.300000 0.900000
7.300000 1.000000
7.300000 1.100000
7.300000 1.200000
7.300000 1.288520
7.300000 1.300000
7.300000 1.400000
7.300000 1.500000
7.300000 1.600000
7.300000 1.700000
7.300000 1.800000
7.300000 1.900000
7.300000 1.950000
7.300000 2.000000
7.300000 2.200000
7.300000 2.500000
7.300000 3.000000
7.300000 3.500000
7.300000 4.000000
7.300000 4.500000
7.300000 4.603657
7.300000 5.000000
7.300000 5.963265
7.300000 6.000000
7.300000 6.997701
7.300000 7.000000
7.300000 7.017649
7.300000 7.775716
7.300000 8.381045
7.300000 8.877293
7.300000 9.000000
7.300000 9.681274
7.300000 10.369628
7.300000 10.881596
7.300000 11.086567
7.300000 11.173833
7.300000 11.223446
7.300000 11.249200
7.300000 11.252400
7.300000 11.252666
7.300000 11.253759
7.300000 11.254306
7.300000 11.254496
7.300000 11.254927
7.300000 11.255254
7.300000 11.255582
7.300000 11.255909
7.300000 11.256254
7.300000 11.256616
7.300000 11.256994
7.300000 11.257184
7.300000 11.257622
7.300000 11.257850
7.300000 11.258060
7.300000 11.258287
7.300000 11.258516
7.300000 11.258707
7.300000 11.258935
7.300000 11.259106
7.300000 11.259258
7.300000 11.259392
7.300000 11.259524
7.300000 11.259657
7.300000 11.259790
7.300000 11.259905
7.300000 11.260019
7.300000 11.260133
7.300000 11.260228
7.300000 11.260343
7.300000 11.260437
7.300000 11.260495
7.300000 11.260590
7.300000 11.260723
7.300000 11.260913
7.300000 11.260970
7.300000 11.261136
7.300000 11.261229
7.300000 11.261339
7.300000 11.261469
7.300000 11.261783
7.300000 11.262760
7.300000 11.263924
7.300000 11.268536
7.300000 11.290339
7.300000 11.306205
7.300000 11.321656
7.300000 11.339505
7.300000 11.367938
7.300000 11.418774
7.300000 11.473381
7.300000 11.496123
7.300000 11.501328
7.300000 11.504765
7.300000 11.506484
7.300000 11.508202
7.300000 11.509459
7.300000 11.511179
7.300000 11.514591
7.300000 11.523013
7.300000 11.526223
7.300000 11.533388
7.300000 11.536464
7.300000 11.539419
7.300000 11.541680
7.300000 11.543906
7.300000 11.545568
7.300000 11.547124
7.300000 11.548171
7.300000 11.549217
7.300000 11.550210
7.300000 11.551751
7.300000 11.553671
7.300000 11.554609
7.300000 11.608091
7.300000 11.631943
7.300000 11.635396
7.300000 11.637567
7.300000 11.640179
7.300000 11.642216
7.300000 11.644762
7.300000 11.647662
7.300000 11.651116
7.300000 11.653817
