log(age/yr) M_ini
7.550000 0.150000
7.550000 0.200000
7.550000 0.250000
7.550000 0.300000
7.550000 0.350000
7.550000 0.400000
7.550000 0.450000
7.550000 0.482675
7.550000 0.500000
7.550000 0.550000
7.550000 0.600000
7.550000 0.700000
7.550000 0.800000
7.550000 0.900000
7.550000 1.000000
7.550000 1.100000
7.550000 1.200000
7.550000 1.212949
7.550000 1.300000
7.550000 1.310413
7.550000 1.400000
7.550000 1.408680
7.550000 1.500000
7.550000 1.600000
7.550000 1.700000
7.550000 1.800000
7.550000 1.900000
7.550000 1.950000
7.550000 2.000000
7.550000 2.200000
7.550000 2.500000
7.550000 3.000000
7.550000 3.500000
7.550000 3.551675
7.550000 4.000000
7.550000 4.500000
7.550000 4.616042
7.550000 5.000000
7.550000 5.359821
7.550000 5.914505
7.550000 6.000000
7.550000 6.404501
7.550000 6.787484
7.550000 7.000000
7.550000 7.113941
7.550000 7.379918
7.550000 7.606471
7.550000 7.799471
7.550000 7.963528
7.550000 8.100178
7.550000 8.159757
7.550000 8.213918
7.550000 8.255548
7.550000 8.272490
7.550000 8.290689
7.550000 8.302968
7.550000 8.306454
7.550000 8.308590
7.550000 8.309279
7.550000 8.309650
7.550000 8.309956
7.550000 8.310216
7.550000 8.310517
7.550000 8.310847
7.550000 8.311093
7.550000 8.311348
7.550000 8.311614
7.550000 8.311893
7.550000 8.312206
7.550000 8.312524
7.550000 8.312853
7.550000 8.313014
7.550000 8.313181
7.550000 8.313348
7.550000 8.313520
7.550000 8.313687
7.550000 8.313854
7.550000 8.314020
7.550000 8.314188
7.550000 8.314360
7.550000 8.314527
7.550000 8.314693
7.550000 8.314859
7.550000 8.315022
7.550000 8.315188
7.550000 8.315298
7.550000 8.315402
7.550000 8.315547
7.550000 8.315910
7.550000 8.316586
7.550000 8.317295
7.550000 8.318040
7.550000 8.318841
7.550000 8.321116
7.550000 8.340670
7.550000 8.350019
7.550000 8.357749
7.550000 8.365753
7.550000 8.374931
7.550000 8.388609
7.550000 8.418248
7.550000 8.438941
7.550000 8.443630
7.550000 8.445967
7.550000 8.446698
7.550000 8.447429
7.550000 8.448151
7.550000 8.449613
7.550000 8.451489
7.550000 8.453713
7.550000 8.456717
7.550000 8.460176
7.550000 8.468035
7.550000 8.472751
7.550000 8.487993
7.550000 8.499372
7.550000 8.503905
7.550000 8.507079
7.550000 8.509330
7.550000 8.511100
7.550000 8.512493
7.550000 8.513629
7.550000 8.514576
7.550000 8.515669
7.550000 8.516706
7.550000 8.518151
7.550000 8.519555
7.550000 8.528340
7.550000 8.529998
7.550000 8.530069
7.550000 8.539125
7.550000 8.542439
7.550000 8.546432
7.550000 8.551754
7.550000 8.557641
7.550000 8.564047
7.550000 8.569958
7.550000 8.575154
7.550000 8.575681
