log(age/yr) M_ini
7.600000 0.150000
7.600000 0.200000
7.600000 0.250000
7.600000 0.300000
7.600000 0.350000
7.600000 0.400000
7.600000 0.450000
7.600000 0.488326
7.600000 0.500000
7.600000 0.550000
7.600000 0.600000
7.600000 0.700000
7.600000 0.800000
7.600000 0.891425
7.600000 0.900000
7.600000 1.000000
7.600000 1.100000
7.600000 1.200000
7.600000 1.300000
7.600000 1.400000
7.600000 1.500000
7.600000 1.600000
7.600000 1.700000
7.600000 1.800000
7.600000 1.900000
7.600000 1.950000
7.600000 2.000000
7.600000 2.200000
7.600000 2.500000
7.600000 3.000000
7.600000 3.365333
7.600000 3.500000
7.600000 4.000000
7.600000 4.358041
7.600000 4.500000
7.600000 5.000000
7.600000 5.094167
7.600000 5.621359
7.600000 6.000000
7.600000 6.069013
7.600000 6.431934
7.600000 6.736319
7.600000 6.992967
7.600000 7.000000
7.600000 7.211442
7.600000 7.394420
7.600000 7.549956
7.600000 7.679510
7.600000 7.735995
7.600000 7.787343
7.600000 7.826811
7.600000 7.842770
7.600000 7.859913
7.600000 7.871482
7.600000 7.874765
7.600000 7.876777
7.600000 7.877238
7.600000 7.877645
7.600000 7.877979
7.600000 7.878264
7.600000 7.878593
7.600000 7.878955
7.600000 7.879224
7.600000 7.879503
7.600000 7.879794
7.600000 7.880100
7.600000 7.880433
7.600000 7.880770
7.600000 7.881120
7.600000 7.881291
7.600000 7.881469
7.600000 7.881646
7.600000 7.881829
7.600000 7.882007
7.600000 7.882184
7.600000 7.882361
7.600000 7.882538
7.600000 7.882721
7.600000 7.882899
7.600000 7.883076
7.600000 7.883253
7.600000 7.883425
7.600000 7.883598
7.600000 7.883711
7.600000 7.883819
7.600000 7.883968
7.600000 7.884345
7.600000 7.885044
7.600000 7.885778
7.600000 7.886548
7.600000 7.887377
7.600000 7.889731
7.600000 7.907555
7.600000 7.916078
7.600000 7.923125
7.600000 7.930423
7.600000 7.938790
7.600000 7.951262
7.600000 7.978289
7.600000 7.996632
7.600000 8.000790
7.600000 8.002861
7.600000 8.003509
7.600000 8.004157
7.600000 8.004796
7.600000 8.006093
7.600000 8.007757
7.600000 8.009728
7.600000 8.012392
7.600000 8.015458
7.600000 8.022427
7.600000 8.028784
7.600000 8.049321
7.600000 8.064643
7.600000 8.070745
7.600000 8.075014
7.600000 8.078042
7.600000 8.080423
7.600000 8.082297
7.600000 8.083825
7.600000 8.085098
7.600000 8.086569
7.600000 8.087962
7.600000 8.089907
7.600000 8.091794
7.600000 8.103602
7.600000 8.105829
7.600000 8.105925
7.600000 8.112904
7.600000 8.115458
7.600000 8.118534
7.600000 8.122635
7.600000 8.127172
7.600000 8.132109
7.600000 8.136662
7.600000 8.140667
7.600000 8.141072
