log(age/yr) M_ini
7.500000 0.150000
7.500000 0.200000
7.500000 0.250000
7.500000 0.300000
7.500000 0.350000
7.500000 0.400000
7.500000 0.450000
7.500000 0.477090
7.500000 0.500000
7.500000 0.550000
7.500000 0.600000
7.500000 0.700000
7.500000 0.800000
7.500000 0.900000
7.500000 1.000000
7.500000 1.100000
7.500000 1.200000
7.500000 1.227700
7.500000 1.300000
7.500000 1.375128
7.500000 1.400000
7.500000 1.479037
7.500000 1.500000
7.500000 1.600000
7.500000 1.615943
7.500000 1.700000
7.500000 1.800000
7.500000 1.900000
7.500000 1.950000
7.500000 2.000000
7.500000 2.200000
7.500000 2.500000
7.500000 3.000000
7.500000 3.500000
7.500000 3.726041
7.500000 4.000000
7.500000 4.500000
7.500000 4.852723
7.500000 5.000000
7.500000 5.639329
7.500000 6.000000
7.500000 6.263232
7.500000 6.758536
7.500000 7.000000
7.500000 7.171933
7.500000 7.503628
7.500000 7.784175
7.500000 8.023138
7.500000 8.226710
7.500000 8.399754
7.500000 8.543889
7.500000 8.606732
7.500000 8.663860
7.500000 8.707771
7.500000 8.725755
7.500000 8.745072
7.500000 8.758108
7.500000 8.761807
7.500000 8.764074
7.500000 8.765016
7.500000 8.765347
7.500000 8.765619
7.500000 8.765852
7.500000 8.766120
7.500000 8.766415
7.500000 8.766634
7.500000 8.766862
7.500000 8.767098
7.500000 8.767348
7.500000 8.767637
7.500000 8.767932
7.500000 8.768237
7.500000 8.768387
7.500000 8.768541
7.500000 8.768696
7.500000 8.768855
7.500000 8.769011
7.500000 8.769165
7.500000 8.769320
7.500000 8.769474
7.500000 8.769633
7.500000 8.769788
7.500000 8.769942
7.500000 8.770097
7.500000 8.770247
7.500000 8.770407
7.500000 8.770513
7.500000 8.770612
7.500000 8.770750
7.500000 8.771099
7.500000 8.771747
7.500000 8.772427
7.500000 8.773140
7.500000 8.773908
7.500000 8.776089
7.500000 8.797507
7.500000 8.807748
7.500000 8.816215
7.500000 8.824982
7.500000 8.835033
7.500000 8.850012
7.500000 8.882469
7.500000 8.905715
7.500000 8.910983
7.500000 8.913609
7.500000 8.914430
7.500000 8.915250
7.500000 8.916060
7.500000 8.917704
7.500000 8.919811
7.500000 8.922309
7.500000 8.925684
7.500000 8.929569
7.500000 8.938396
7.500000 8.941268
7.500000 8.950572
7.500000 8.957537
7.500000 8.960316
7.500000 8.962262
7.500000 8.963644
7.500000 8.964731
7.500000 8.965587
7.500000 8.966285
7.500000 8.966866
7.500000 8.967539
7.500000 8.968177
7.500000 8.969066
7.500000 8.969930
7.500000 8.975341
7.500000 8.976363
7.500000 8.976407
7.500000 8.987740
7.500000 8.991887
7.500000 8.996882
7.500000 9.000000
7.500000 9.008549
7.500000 9.025415
7.500000 9.027859
7.500000 9.029393
7.500000 9.031240
7.500000 9.032681
7.500000 9.034482
7.500000 9.036533
7.500000 9.038977
7.500000 9.040887
