log(age/yr) M_ini
6.900000 0.150000
6.900000 0.200000
6.900000 0.250000
6.900000 0.300000
6.900000 0.350000
6.900000 0.400000
6.900000 0.450000
6.900000 0.500000
6.900000 0.550000
6.900000 0.600000
6.900000 0.700000
6.900000 0.800000
6.900000 0.900000
6.900000 1.000000
6.900000 1.100000
6.900000 1.200000
6.900000 1.300000
6.900000 1.400000
6.900000 1.500000
6.900000 1.600000
6.900000 1.700000
6.900000 1.800000
6.900000 1.900000
6.900000 1.950000
6.900000 2.000000
6.900000 2.200000
6.900000 2.500000
6.900000 2.671574
6.900000 3.000000
6.900000 3.500000
6.900000 4.000000
6.900000 4.500000
6.900000 5.000000
6.900000 6.000000
6.900000 7.000000
6.900000 7.071523
6.900000 9.000000
6.900000 12.000000
6.900000 12.273155
6.900000 14.867081
6.900000 15.000000
6.900000 16.930536
6.900000 18.693897
6.900000 20.000000
6.900000 20.777302
6.900000 21.303919
6.900000 21.367138
6.900000 21.486599
6.900000 21.501743
6.900000 21.505714
6.900000 21.509809
6.900000 21.511391
6.900000 21.512613
6.900000 21.514036
6.900000 21.515276
6.900000 21.516409
6.900000 21.517384
6.900000 21.518175
6.900000 21.519178
6.900000 21.519995
6.900000 21.520840
6.900000 21.521683
6.900000 21.522316
6.900000 21.522974
6.900000 21.523661
6.900000 21.524321
6.900000 21.525005
6.900000 21.525692
6.900000 21.526167
6.900000 21.526642
6.900000 21.527117
6.900000 21.527512
6.900000 21.528225
6.900000 21.528620
6.900000 21.529070
6.900000 21.529545
6.900000 21.530045
6.900000 21.530626
6.900000 21.531233
6.900000 21.531866
6.900000 21.532288
6.900000 21.532738
6.900000 21.533081
6.900000 21.533371
6.900000 21.533688
6.900000 21.533978
6.900000 21.534267
6.900000 21.534584
6.900000 21.535192
6.900000 21.535904
6.900000 21.537066
6.900000 21.538729
6.900000 21.539522
6.900000 21.541634
6.900000 21.550430
6.900000 21.595779
6.900000 21.693592
6.900000 21.838747
6.900000 22.128996
6.900000 22.413317
6.900000 22.882507
6.900000 23.111460
6.900000 23.114037
6.900000 23.118662
6.900000 23.127460
6.900000 23.133450
6.900000 23.135920
