log(age/yr) M_ini
7.200000 0.150000
7.200000 0.200000
7.200000 0.250000
7.200000 0.300000
7.200000 0.350000
7.200000 0.400000
7.200000 0.450000
7.200000 0.500000
7.200000 0.550000
7.200000 0.600000
7.200000 0.700000
7.200000 0.800000
7.200000 0.900000
7.200000 1.000000
7.200000 1.100000
7.200000 1.200000
7.200000 1.300000
7.200000 1.400000
7.200000 1.500000
7.200000 1.600000
7.200000 1.700000
7.200000 1.800000
7.200000 1.900000
7.200000 1.950000
7.200000 2.000000
7.200000 2.112751
7.200000 2.200000
7.200000 2.500000
7.200000 3.000000
7.200000 3.500000
7.200000 4.000000
7.200000 4.500000
7.200000 5.000000
7.200000 5.114279
7.200000 6.000000
7.200000 6.673172
7.200000 7.000000
7.200000 7.807532
7.200000 8.650926
7.200000 9.000000
7.200000 9.936711
7.200000 11.003039
7.200000 11.785373
7.200000 12.000000
7.200000 12.377669
7.200000 12.660492
7.200000 12.805588
7.200000 12.857709
7.200000 12.896911
7.200000 12.901759
7.200000 12.902514
7.200000 12.903969
7.200000 12.904648
7.200000 12.905133
7.200000 12.905777
7.200000 12.906250
7.200000 12.906679
7.200000 12.907151
7.200000 12.907581
7.200000 12.907925
7.200000 12.908225
7.200000 12.908608
7.200000 12.908944
7.200000 12.909232
7.200000 12.909472
7.200000 12.909712
7.200000 12.909952
7.200000 12.910192
7.200000 12.910383
7.200000 12.910623
7.200000 12.910815
7.200000 12.911007
7.200000 12.911151
7.200000 12.911295
7.200000 12.911439
7.200000 12.911582
7.200000 12.911726
7.200000 12.911870
7.200000 12.912014
7.200000 12.912158
7.200000 12.912350
7.200000 12.912494
7.200000 12.912542
7.200000 12.912638
7.200000 12.912685
7.200000 12.912734
7.200000 12.912829
7.200000 12.912926
7.200000 12.913117
7.200000 12.913261
7.200000 12.913432
7.200000 12.913561
7.200000 12.913603
7.200000 12.913646
7.200000 12.913732
7.200000 12.913859
7.200000 12.914245
7.200000 12.915740
7.200000 12.922145
7.200000 12.943110
7.200000 12.961185
7.200000 12.980745
7.200000 13.013691
7.200000 13.095064
7.200000 13.170568
7.200000 13.196664
7.200000 13.206483
7.200000 13.210105
7.200000 13.211325
7.200000 13.212504
7.200000 13.213684
7.200000 13.214864
7.200000 13.216003
7.200000 13.218243
7.200000 13.222640
7.200000 13.223778
7.200000 13.260790
7.200000 13.282281
7.200000 13.298066
7.200000 13.308662
7.200000 13.319373
7.200000 13.324873
7.200000 13.330198
7.200000 13.335757
7.200000 13.346759
7.200000 13.362956
7.200000 13.379012
7.200000 13.428473
7.200000 13.432323
7.200000 13.432724
7.200000 13.435754
7.200000 13.436878
7.200000 13.438399
7.200000 13.439744
