log(age/yr) M_ini
6.700000 0.150000
6.700000 0.200000
6.700000 0.250000
6.700000 0.300000
6.700000 0.350000
6.700000 0.400000
6.700000 0.450000
6.700000 0.500000
6.700000 0.550000
6.700000 0.600000
6.700000 0.700000
6.700000 0.800000
6.700000 0.900000
6.700000 1.000000
6.700000 1.100000
6.700000 1.200000
6.700000 1.300000
6.700000 1.400000
6.700000 1.500000
6.700000 1.600000
6.700000 1.700000
6.700000 1.800000
6.700000 1.900000
6.700000 1.950000
6.700000 2.000000
6.700000 2.200000
6.700000 2.500000
6.700000 3.000000
6.700000 3.329507
6.700000 3.500000
6.700000 4.000000
6.700000 4.500000
6.700000 5.000000
6.700000 6.000000
6.700000 7.000000
6.700000 8.753006
6.700000 9.000000
6.700000 11.524381
6.700000 12.000000
6.700000 15.000000
6.700000 16.476583
6.700000 20.000000
6.700000 20.505100
6.700000 24.971052
6.700000 28.619743
6.700000 30.000000
6.700000 31.527225
6.700000 33.222694
6.700000 34.483833
6.700000 34.515560
6.700000 35.210037
6.700000 35.321838
6.700000 35.360687
6.700000 35.373951
6.700000 35.378479
6.700000 35.380119
6.700000 35.381374
6.700000 35.382740
6.700000 35.384102
6.700000 35.385246
6.700000 35.386391
6.700000 35.387535
6.700000 35.388458
6.700000 35.389332
6.700000 35.390259
6.700000 35.391022
6.700000 35.391838
6.700000 35.392490
6.700000 35.393089
6.700000 35.393742
6.700000 35.394398
6.700000 35.395103
6.700000 35.395760
6.700000 35.396465
6.700000 35.397228
6.700000 35.397770
6.700000 35.398533
6.700000 35.399292
6.700000 35.400108
6.700000 35.400925
6.700000 35.401741
6.700000 35.402775
6.700000 35.403645
6.700000 35.404350
6.700000 35.405544
6.700000 35.407280
6.700000 35.409672
6.700000 35.415535
6.700000 35.440910
6.700000 35.446739
6.700000 35.680145
6.700000 35.906536
6.700000 36.007679
6.700000 36.082016
6.700000 36.208916
6.700000 36.362675
6.700000 36.389145
6.700000 36.628632
6.700000 36.695442
6.700000 36.740433
6.700000 36.776546
6.700000 36.799782
6.700000 36.821838
6.700000 36.844299
6.700000 36.866314
6.700000 36.888485
6.700000 36.911072
6.700000 36.955997
6.700000 37.022259
6.700000 37.111702
6.700000 37.199524
6.700000 37.287579
6.700000 37.397434
6.700000 37.528736
6.700000 37.724754
6.700000 37.940659
6.700000 38.381615
6.700000 38.852577
6.700000 39.053329
6.700000 39.192505
6.700000 39.309357
6.700000 39.443920
6.700000 39.520401
6.700000 39.615299
6.700000 39.709297
6.700000 39.802540
6.700000 39.839390
6.700000 40.000000
6.700000 42.047047
6.700000 42.047356
