log(age/yr) M_ini
6.750000 0.150000
6.750000 0.200000
6.750000 0.250000
6.750000 0.300000
6.750000 0.350000
6.750000 0.400000
6.750000 0.450000
6.750000 0.500000
6.750000 0.550000
6.750000 0.600000
6.750000 0.700000
6.750000 0.800000
6.750000 0.900000
6.750000 1.000000
6.750000 1.100000
6.750000 1.200000
6.750000 1.300000
6.750000 1.400000
6.750000 1.500000
6.750000 1.600000
6.750000 1.700000
6.750000 1.800000
6.750000 1.900000
6.750000 1.950000
6.750000 2.000000
6.750000 2.200000
6.750000 2.500000
6.750000 3.000000
6.750000 3.179647
6.750000 3.500000
6.750000 4.000000
6.750000 4.500000
6.750000 5.000000
6.750000 6.000000
6.750000 7.000000
6.750000 8.298434
6.750000 9.000000
6.750000 10.810045
6.750000 12.000000
6.750000 15.000000
6.750000 15.099131
6.750000 19.039001
6.750000 20.000000
6.750000 22.261240
6.750000 25.513983
6.750000 28.179045
6.750000 29.325911
6.750000 30.000000
6.750000 30.055170
6.750000 30.082823
6.750000 30.319294
6.750000 30.357395
6.750000 30.370634
6.750000 30.375154
6.750000 30.380878
6.750000 30.382948
6.750000 30.384533
6.750000 30.386255
6.750000 30.387980
6.750000 30.389425
6.750000 30.390871
6.750000 30.392317
6.750000 30.393488
6.750000 30.394588
6.750000 30.395760
6.750000 30.396723
6.750000 30.397755
6.750000 30.398581
6.750000 30.399338
6.750000 30.400162
6.750000 30.400988
6.750000 30.401882
6.750000 30.402708
6.750000 30.403601
6.750000 30.404564
6.750000 30.405251
6.750000 30.406214
6.750000 30.407175
6.750000 30.408205
6.750000 30.409237
6.750000 30.410267
6.750000 30.411572
6.750000 30.412670
6.750000 30.413563
6.750000 30.415073
6.750000 30.417271
6.750000 30.420290
6.750000 30.427694
6.750000 30.459770
6.750000 30.467136
6.750000 30.622492
6.750000 30.773148
6.750000 30.840441
6.750000 30.889896
6.750000 30.974310
6.750000 31.076571
6.750000 31.094175
6.750000 31.253401
6.750000 31.297813
6.750000 31.327717
6.750000 31.351717
6.750000 31.367161
6.750000 31.381817
6.750000 31.396746
6.750000 31.411373
6.750000 31.426107
6.750000 31.441116
6.750000 31.470966
6.750000 31.514990
6.750000 31.574408
6.750000 31.632736
6.750000 31.691216
6.750000 31.764156
6.750000 31.851318
6.750000 31.981405
6.750000 32.124634
6.750000 32.416962
6.750000 32.728889
6.750000 32.861752
6.750000 32.953827
6.750000 33.031109
6.750000 33.120083
6.750000 33.170639
6.750000 33.233356
6.750000 33.295467
6.750000 33.357059
6.750000 33.381397
6.750000 33.927677
6.750000 34.271637
6.750000 34.334927
6.750000 34.387962
6.750000 34.421814
6.750000 34.460506
6.750000 34.499676
6.750000 34.530823
6.750000 34.582771
6.750000 34.597370
6.750000 34.608559
6.750000 34.613129
6.750000 34.623993
6.750000 34.628456
6.750000 34.640362
6.750000 34.641968
6.750000 34.643684
6.750000 34.644829
6.750000 34.645973
6.750000 34.647923
6.750000 34.648613
6.750000 34.652969
6.750000 34.653431
6.750000 34.654003
