log(age/yr) M_ini
7.350000 0.150000
7.350000 0.200000
7.350000 0.250000
7.350000 0.300000
7.350000 0.350000
7.350000 0.400000
7.350000 0.450000
7.350000 0.460719
7.350000 0.500000
7.350000 0.550000
7.350000 0.600000
7.350000 0.700000
7.350000 0.800000
7.350000 0.900000
7.350000 1.000000
7.350000 1.100000
7.350000 1.200000
7.350000 1.273038
7.350000 1.300000
7.350000 1.400000
7.350000 1.500000
7.350000 1.600000
7.350000 1.700000
7.350000 1.800000
7.350000 1.854684
7.350000 1.900000
7.350000 1.950000
7.350000 2.000000
7.350000 2.200000
7.350000 2.500000
7.350000 3.000000
7.350000 3.500000
7.350000 4.000000
7.350000 4.325217
7.350000 4.500000
7.350000 5.000000
7.350000 5.667702
7.350000 6.000000
7.350000 6.631138
7.350000 7.000000
7.350000 7.371898
7.350000 7.945791
7.350000 8.416265
7.350000 8.805511
7.350000 9.000000
7.350000 9.081183
7.350000 9.726870
7.350000 10.207104
7.350000 10.399370
7.350000 10.481227
7.350000 10.529145
7.350000 10.554018
7.350000 10.557108
7.350000 10.557364
7.350000 10.558354
7.350000 10.558849
7.350000 10.559022
7.350000 10.559451
7.350000 10.559776
7.350000 10.560102
7.350000 10.560428
7.350000 10.560771
7.350000 10.561131
7.350000 10.561507
7.350000 10.561696
7.350000 10.562119
7.350000 10.562338
7.350000 10.562540
7.350000 10.562760
7.350000 10.562981
7.350000 10.563164
7.350000 10.563383
7.350000 10.563549
7.350000 10.563696
7.350000 10.563824
7.350000 10.563952
7.350000 10.564080
7.350000 10.564209
7.350000 10.564319
7.350000 10.564429
7.350000 10.564539
7.350000 10.564631
7.350000 10.564740
7.350000 10.564832
7.350000 10.564888
7.350000 10.564979
7.350000 10.565107
7.350000 10.565290
7.350000 10.565346
7.350000 10.565507
7.350000 10.565598
7.350000 10.565704
7.350000 10.565830
7.350000 10.566136
7.350000 10.567087
7.350000 10.568218
7.350000 10.572705
7.350000 10.593708
7.350000 10.608991
7.350000 10.623875
7.350000 10.641067
7.350000 10.668450
7.350000 10.717410
7.350000 10.765966
7.350000 10.786192
7.350000 10.790821
7.350000 10.793878
7.350000 10.795406
7.350000 10.796934
7.350000 10.798053
7.350000 10.799582
7.350000 10.802617
7.350000 10.810107
7.350000 10.812962
7.350000 10.821328
7.350000 10.824920
7.350000 10.828369
7.350000 10.831008
7.350000 10.833607
7.350000 10.835546
7.350000 10.837362
7.350000 10.838584
7.350000 10.839805
7.350000 10.840963
7.350000 10.842762
7.350000 10.845002
7.350000 10.846097
7.350000 10.895178
7.350000 10.917068
7.350000 10.920238
7.350000 10.922229
7.350000 10.924626
7.350000 10.926497
7.350000 10.928833
7.350000 10.931495
7.350000 10.934665
7.350000 10.937143
