log(age/yr) M_ini
7.900000 0.150000
7.900000 0.200000
7.900000 0.250000
7.900000 0.300000
7.900000 0.350000
7.900000 0.400000
7.900000 0.450000
7.900000 0.500000
7.900000 0.550000
7.900000 0.600000
7.900000 0.700000
7.900000 0.800000
7.900000 0.900000
7.900000 0.941930
7.900000 1.000000
7.900000 1.043134
7.900000 1.100000
7.900000 1.127169
7.900000 1.200000
7.900000 1.300000
7.900000 1.400000
7.900000 1.500000
7.900000 1.600000
7.900000 1.700000
7.900000 1.800000
7.900000 1.900000
7.900000 1.950000
7.900000 2.000000
7.900000 2.200000
7.900000 2.500000
7.900000 2.552042
7.900000 3.000000
7.900000 3.235351
7.900000 3.500000
7.900000 3.733106
7.900000 4.000000
7.900000 4.129215
7.900000 4.432226
7.900000 4.500000
7.900000 4.705750
7.900000 4.917438
7.900000 5.000000
7.900000 5.104063
7.900000 5.256777
7.900000 5.386656
7.900000 5.496624
7.900000 5.588979
7.900000 5.629376
7.900000 5.666232
7.900000 5.690580
7.900000 5.705100
7.900000 5.716540
7.900000 5.724247
7.900000 5.726425
7.900000 5.727688
7.900000 5.727779
7.900000 5.728115
7.900000 5.728474
7.900000 5.728787
7.900000 5.729191
7.900000 5.729639
7.900000 5.730154
7.900000 5.730737
7.900000 5.731061
7.900000 5.731402
7.900000 5.731744
7.900000 5.732103
7.900000 5.732462
7.900000 5.732821
7.900000 5.733001
7.900000 5.733199
7.900000 5.733378
7.900000 5.733558
7.900000 5.733737
7.900000 5.733917
7.900000 5.734096
7.900000 5.734257
7.900000 5.734437
7.900000 5.734616
7.900000 5.734777
7.900000 5.734939
7.900000 5.735226
7.900000 5.735493
7.900000 5.735760
7.900000 5.736212
7.900000 5.736787
7.900000 5.737402
7.900000 5.738018
7.900000 5.738654
7.900000 5.739269
7.900000 5.740355
7.900000 5.741298
7.900000 5.750582
7.900000 5.755170
7.900000 5.759300
7.900000 5.763198
7.900000 5.766798
7.900000 5.770893
7.900000 5.776630
7.900000 5.785875
7.900000 5.798936
7.900000 5.807112
7.900000 5.810164
7.900000 5.812243
7.900000 5.815701
7.900000 5.865202
7.900000 5.898551
7.900000 5.912252
7.900000 5.923325
7.900000 5.938426
7.900000 5.956974
7.900000 5.958445
7.900000 5.958518
7.900000 5.958774
7.900000 5.960081
7.900000 5.960559
7.900000 5.961292
7.900000 5.962215
7.900000 5.963233
7.900000 5.964075
7.900000 5.964933
7.900000 5.965600
7.900000 5.966202
7.900000 5.966694
7.900000 5.967122
7.900000 5.967708
7.900000 5.967978
7.900000 5.968199
7.900000 5.968437
7.900000 5.968848
7.900000 5.968912
7.900000 5.968991
7.900000 5.969101
