log(age/yr) M_ini
6.850000 0.150000
6.850000 0.200000
6.850000 0.250000
6.850000 0.300000
6.850000 0.350000
6.850000 0.400000
6.850000 0.450000
6.850000 0.500000
6.850000 0.550000
6.850000 0.600000
6.850000 0.700000
6.850000 0.800000
6.850000 0.900000
6.850000 1.000000
6.850000 1.100000
6.850000 1.200000
6.850000 1.300000
6.850000 1.400000
6.850000 1.500000
6.850000 1.600000
6.850000 1.700000
6.850000 1.800000
6.850000 1.900000
6.850000 1.950000
6.850000 2.000000
6.850000 2.200000
6.850000 2.500000
6.850000 2.793681
6.850000 3.000000
6.850000 3.500000
6.850000 4.000000
6.850000 4.500000
6.850000 5.000000
6.850000 6.000000
6.850000 7.000000
6.850000 7.458887
6.850000 9.000000
6.850000 9.511464
6.850000 12.000000
6.850000 13.207857
6.850000 15.000000
6.850000 15.988722
6.850000 18.475061
6.850000 20.000000
6.850000 20.276983
6.850000 22.395014
6.850000 23.306475
6.850000 23.897196
6.850000 23.962000
6.850000 24.084452
6.850000 24.099974
6.850000 24.104044
6.850000 24.107771
6.850000 24.109209
6.850000 24.110323
6.850000 24.112055
6.850000 24.113562
6.850000 24.114941
6.850000 24.116129
6.850000 24.117090
6.850000 24.118309
6.850000 24.119305
6.850000 24.120331
6.850000 24.121357
6.850000 24.122128
6.850000 24.122931
6.850000 24.123764
6.850000 24.124567
6.850000 24.125401
6.850000 24.126236
6.850000 24.126814
6.850000 24.127392
6.850000 24.127970
6.850000 24.128450
6.850000 24.129316
6.850000 24.129799
6.850000 24.130344
6.850000 24.130922
6.850000 24.131533
6.850000 24.132238
6.850000 24.132977
6.850000 24.133747
6.850000 24.134262
6.850000 24.134808
6.850000 24.135225
6.850000 24.135578
6.850000 24.135963
6.850000 24.136316
6.850000 24.136671
6.850000 24.137056
6.850000 24.137794
6.850000 24.138662
6.850000 24.140074
6.850000 24.142097
6.850000 24.143063
6.850000 24.145632
6.850000 24.156336
6.850000 24.218096
6.850000 24.351297
6.850000 24.548943
6.850000 24.944098
6.850000 25.244226
6.850000 25.739466
6.850000 25.981119
6.850000 25.983839
6.850000 25.986740
6.850000 25.992260
6.850000 25.996017
6.850000 25.997568
