log(age/yr) M_ini
7.000000 0.150000
7.000000 0.200000
7.000000 0.250000
7.000000 0.300000
7.000000 0.350000
7.000000 0.400000
7.000000 0.450000
7.000000 0.500000
7.000000 0.550000
7.000000 0.600000
7.000000 0.700000
7.000000 0.800000
7.000000 0.900000
7.000000 1.000000
7.000000 1.100000
7.000000 1.200000
7.000000 1.300000
7.000000 1.400000
7.000000 1.500000
7.000000 1.600000
7.000000 1.700000
7.000000 1.800000
7.000000 1.900000
7.000000 1.950000
7.000000 2.000000
7.000000 2.200000
7.000000 2.464217
7.000000 2.500000
7.000000 3.000000
7.000000 3.500000
7.000000 4.000000
7.000000 4.500000
7.000000 5.000000
7.000000 6.000000
7.000000 6.295949
7.000000 7.000000
7.000000 8.297433
7.000000 9.000000
7.000000 10.876740
7.000000 12.000000
7.000000 12.837293
7.000000 14.458571
7.000000 15.000000
7.000000 15.698907
7.000000 16.856689
7.000000 17.339878
7.000000 17.621643
7.000000 17.682201
7.000000 17.750427
7.000000 17.759001
7.000000 17.760532
7.000000 17.763376
7.000000 17.764580
7.000000 17.765345
7.000000 17.766045
7.000000 17.766747
7.000000 17.767347
7.000000 17.768049
7.000000 17.768648
7.000000 17.769150
7.000000 17.769350
7.000000 17.769850
7.000000 17.770250
7.000000 17.770651
7.000000 17.771152
7.000000 17.771553
7.000000 17.771852
7.000000 17.772253
7.000000 17.772552
7.000000 17.772953
7.000000 17.773254
7.000000 17.773455
7.000000 17.773754
7.000000 17.773954
7.000000 17.774155
7.000000 17.774454
7.000000 17.774654
7.000000 17.774855
7.000000 17.775156
7.000000 17.775356
7.000000 17.775656
7.000000 17.775856
7.000000 17.776056
7.000000 17.776257
7.000000 17.776356
7.000000 17.776457
7.000000 17.776556
7.000000 17.776657
7.000000 17.776756
7.000000 17.776957
7.000000 17.777058
7.000000 17.777157
7.000000 17.777357
7.000000 17.777657
7.000000 17.777857
7.000000 17.778057
7.000000 17.778158
7.000000 17.778257
7.000000 17.778358
7.000000 17.778458
7.000000 17.781158
7.000000 17.789061
7.000000 17.811590
7.000000 17.833065
7.000000 17.860941
7.000000 17.947023
7.000000 17.979649
7.000000 18.066883
7.000000 18.090549
7.000000 18.098076
7.000000 18.100555
7.000000 18.103033
7.000000 18.105511
7.000000 18.106791
7.000000 18.109182
7.000000 18.111656
7.000000 18.114046
7.000000 18.118906
7.000000 18.125977
7.000000 18.163439
7.000000 18.189091
7.000000 18.214273
7.000000 18.238977
7.000000 18.261421
7.000000 18.281176
7.000000 18.297531
7.000000 18.313501
7.000000 18.326189
7.000000 18.338343
7.000000 18.347605
7.000000 18.355078
7.000000 18.362417
7.000000 18.366299
7.000000 18.371983
7.000000 18.375036
7.000000 18.378643
7.000000 18.381418
7.000000 18.386141
7.000000 18.399626
7.000000 18.673193
7.000000 18.695705
7.000000 18.703316
7.000000 18.706835
7.000000 18.711111
7.000000 18.717287
